loss: -5.025254456996918
sanity_check/conv1.conv-l2-norm: 1.0000003576278687
sanity_check/conv2.conv-l2-norm: 1.000001072883606
sanity_check/conv3.conv-l2-norm: 1.000001311302185
sanity_check/conv4.conv-l2-norm: 1.000002145767212
sanity_check/linear-l2-norm: 1.0
sanity_check/layer-l-constant: 1.0000048875890144
