loss: -6.316259837150573
sanity_check/conv1.conv-l2-norm: 1.0000001192092896
sanity_check/conv2.conv-l2-norm: 0.9999997615814209
sanity_check/conv3.conv-l2-norm: 0.999999463558197
sanity_check/conv4.conv-l2-norm: 0.9999988675117493
sanity_check/linear-l2-norm: 1.0000001192092896
sanity_check/layer-l-constant: 0.9999983310705112
