loss: -93807.75265136719
sanity_check/conv1.conv-l2-norm: 729.736572265625
sanity_check/conv2.conv-l2-norm: 12.893756866455078
sanity_check/conv3.conv-l2-norm: 177.21530151367188
sanity_check/conv4.conv-l2-norm: 1.0002920627593994
sanity_check/linear-l2-norm: 0.9999999403953552
sanity_check/layer-l-constant: 1667913.8069884046
