accuracy: 0.4958000000000001
loss: 0.23291766226291657
sanity_check/conv1.conv-l2-norm: 1.0000003576278687
sanity_check/conv2.conv-l2-norm: 1.0000004768371582
sanity_check/linear1-l2-norm: 1.0000008344650269
sanity_check/linear2-l2-norm: 1.000000238418579
sanity_check/layer-l-constant: 1.0000019073498976
adv_robustness:
  0.1411764706:
    lb: 0.3503999921679497
    lb_dist: 0.1524741684101449
    pgd-ub: 0.3683999902009964
    pgd-ub-dist: 0.14117232275309255
    pgd-ub-success-rate: 0.6315999865531922
    fgsm-ub: 0.3693999907374382
    fgsm-ub-dist: 0.14076828134511715
    fgsm-ub-success-rate: 0.63059998691082
    natural: 0.4957999885082245
adv_robustness_mini_eval:
  0.1411764706:
    lb: 0.3999999761581421
    lb_dist: 0.14072693058289587
    boundary_attack-ub: 0.41999998688697815
    boundary_attack-ub-dist: 0.018688117523260158
    boundary_attack-ub-success-rate: 0.5799999833106995
    pointwise-ub: 0.5600000023841858
    pointwise-ub-dist: 0.0
    pointwise-ub-success-rate: 0.4399999976158142
    natural: 0.5600000023841858
