loss: -7.497135261297226
sanity_check/conv1.conv-l2-norm: 1.0003169775009155
sanity_check/conv2.conv-l2-norm: 1.0001288652420044
sanity_check/conv3.conv-l2-norm: 1.0026737451553345
sanity_check/conv4.conv-l2-norm: 1.0023506879806519
sanity_check/linear-l2-norm: 0.9999999403953552
sanity_check/layer-l-constant: 1.0054787850504063
