loss: -2.9409240363538265
sanity_check/conv1.conv-l2-norm: 1.0000196695327759
sanity_check/conv2.conv-l2-norm: 1.0000052452087402
sanity_check/conv3.conv-l2-norm: 1.000008463859558
sanity_check/conv4.conv-l2-norm: 1.0000203847885132
sanity_check/linear-l2-norm: 0.9999999403953552
sanity_check/layer-l-constant: 1.0000537047762068
