accuracy: 0.6444000000000001
loss: 0.15335210874676705
sanity_check/conv1.conv-l2-norm: 1.000000238418579
sanity_check/conv2.conv-l2-norm: 1.0000004768371582
sanity_check/linear1-l2-norm: 1.0000008344650269
sanity_check/linear2-l2-norm: 1.000000238418579
sanity_check/layer-l-constant: 1.0000017881404233
adv_robustness:
  0.1:
    lb: 0.5425999864935875
    lb_dist: 0.23157418554420983
    natural: 0.6443999856710434
  0.1411764706:
    lb: 0.4984999895095825
    lb_dist: 0.23157418554420983
    pgd-ub: 0.5103999856114387
    pgd-ub-dist: 0.1411731559600608
    pgd-ub-success-rate: 0.48959998667240145
    fgsm-ub: 0.5134999850392341
    fgsm-ub-dist: 0.14084264561916796
    fgsm-ub-success-rate: 0.4864999863505364
    natural: 0.6443999856710434
adv_robustness_mini_eval:
  0.1411764706:
    lb: 0.6100000143051147
    lb_dist: 0.24828914032317698
    boundary_attack-ub: 0.6499999761581421
    boundary_attack-ub-dist: 0.017609653142946106
    boundary_attack-ub-success-rate: 0.3499999940395355
    pointwise-ub: 0.7400000095367432
    pointwise-ub-dist: 0.0
    pointwise-ub-success-rate: 0.25999999046325684
    natural: 0.7400000095367432
