loss: -4.938469331264496
sanity_check/conv1.conv-l2-norm: 1.0
sanity_check/conv2.conv-l2-norm: 1.0
sanity_check/conv3.conv-l2-norm: 0.9999998807907104
sanity_check/conv4.conv-l2-norm: 0.9999998807907104
sanity_check/linear-l2-norm: 0.9999999403953552
sanity_check/layer-l-constant: 0.9999997019768045
