loss: -3.4493891769647598
sanity_check/conv1.conv-l2-norm: 1.000000238418579
sanity_check/conv2.conv-l2-norm: 1.0000009536743164
sanity_check/conv3.conv-l2-norm: 1.0000015497207642
sanity_check/conv4.conv-l2-norm: 1.0000022649765015
sanity_check/linear-l2-norm: 1.0
sanity_check/layer-l-constant: 1.000005006798446
