accuracy: 0.7241999999999997
loss: 0.1213246937841177
sanity_check/conv1.conv-l2-norm: 1.0000001192092896
sanity_check/conv2.conv-l2-norm: 1.0000004768371582
sanity_check/conv3.conv-l2-norm: 1.0000005960464478
sanity_check/conv4.conv-l2-norm: 1.0000007152557373
sanity_check/linear1-l2-norm: 1.0000015497207642
sanity_check/linear2-l2-norm: 1.0000015497207642
sanity_check/linear3-l2-norm: 1.0000005960464478
sanity_check/layer-l-constant: 1.0000056028491713
adv_robustness:
  0.1:
    lb: 0.6287999868392944
    lb_dist: 0.2890235178015602
    natural: 0.7241999822854995
  0.1411764706:
    lb: 0.5868999868631363
    lb_dist: 0.2890235178015602
    pgd-ub: 0.6432999867200851
    pgd-ub-dist: 0.14117413882885724
    pgd-ub-success-rate: 0.3566999924182892
    fgsm-ub: 0.643899986743927
    fgsm-ub-dist: 0.14090917827297347
    fgsm-ub-success-rate: 0.35609999239444734
    natural: 0.7241999822854995
adv_robustness_mini_eval:
  0.1411764706:
    lb: 0.6800000071525574
    lb_dist: 0.3044244659767719
    boundary_attack-ub: 0.7099999785423279
    boundary_attack-ub-dist: 0.020553524312884385
    boundary_attack-ub-success-rate: 0.28999999165534973
    pointwise-ub: 0.7899999618530273
    pointwise-ub-dist: 0.0014277072179885138
    pointwise-ub-success-rate: 0.20999999344348907
    natural: 0.7999999523162842
