loss: -4.095872981548309
sanity_check/conv1.conv-l2-norm: 1.000000238418579
sanity_check/conv2.conv-l2-norm: 1.0000008344650269
sanity_check/conv3.conv-l2-norm: 1.000001311302185
sanity_check/conv4.conv-l2-norm: 1.0000019073486328
sanity_check/linear-l2-norm: 1.0
sanity_check/layer-l-constant: 1.0000042915405771
