accuracy: 0.6223000000000001
loss: 0.15209471233189106
sanity_check/1.linear0-l2-norm: 1.0000026226043701
sanity_check/1.linear1-l2-norm: 1.000002145767212
sanity_check/1.linear2-l2-norm: 1.0000019073486328
sanity_check/1.linear3-l2-norm: 1.000000238418579
sanity_check/layer-l-constant: 1.000006914155108
adv_robustness:
  0.1:
    lb: 0.5385999855399132
    lb_dist: 0.25982354555133863
    natural: 0.6222999870777131
  0.1411764706:
    lb: 0.5003999873995781
    lb_dist: 0.25982354555133863
    pgd-ub: 0.50099998742342
    pgd-ub-dist: 0.1411723446123347
    pgd-ub-success-rate: 0.49899998754262925
    fgsm-ub: 0.5031999868154525
    fgsm-ub-dist: 0.14075788859751873
    fgsm-ub-success-rate: 0.4967999866604805
    natural: 0.6222999870777131
adv_robustness_mini_eval:
  0.1411764706:
    lb: 0.6100000143051147
    lb_dist: 0.2776017104095081
    boundary_attack-ub: 0.6299999952316284
    boundary_attack-ub-dist: 0.015276500672051633
    boundary_attack-ub-success-rate: 0.3700000047683716
    pointwise-ub: 0.699999988079071
    pointwise-ub-dist: 0.004677152261137962
    pointwise-ub-success-rate: 0.29999998211860657
    natural: 0.7199999690055847
