loss: -3.3466250824928285
sanity_check/conv1.conv-l2-norm: 1.0002471208572388
sanity_check/conv2.conv-l2-norm: 1.0004950761795044
sanity_check/conv3.conv-l2-norm: 1.0000519752502441
sanity_check/conv4.conv-l2-norm: 0.999999463558197
sanity_check/linear-l2-norm: 0.9999999403953552
sanity_check/layer-l-constant: 1.0007937366929975
