accuracy: 0.9737999999999998
loss: 0.1309310491103679
sanity_check/conv1.conv-l2-norm: 1.001950979232788
sanity_check/conv2.conv-l2-norm: 1.0001804828643799
sanity_check/linear1-l2-norm: 1.0000007152557373
sanity_check/linear2-l2-norm: 1.000000238418579
sanity_check/layer-l-constant: 1.002132769923032
adv_robustness:
  1.58:
    lb: 0.27579999290406704
    lb_dist: 1.2354458096145768
    pgd-ub: 0.7155999848246575
    pgd-ub-dist: 1.5798547233961806
    pgd-ub-success-rate: 0.28439999375492336
    fgsm-ub: 0.7321999824047088
    fgsm-ub-dist: 1.3231592975818371
    fgsm-ub-success-rate: 0.26779999304562807
    natural: 0.9737999790906906
adv_robustness_mini_eval:
  1.58:
    lb: 0.23999999463558197
    lb_dist: 1.2114714350923896
    boundary_attack-ub: 0.7999999523162842
    boundary_attack-ub-dist: 0.9027733555063605
    boundary_attack-ub-success-rate: 0.19999998807907104
    pointwise-ub: 0.949999988079071
    pointwise-ub-dist: 1.0335193276405334
    pointwise-ub-success-rate: 0.04999999701976776
    natural: 1.0
