accuracy: 0.46999999999999986
loss: 0.30413117840886117
sanity_check/conv1.conv-l2-norm: 1.0000001192092896
sanity_check/conv2.conv-l2-norm: 1.0000003576278687
sanity_check/conv3.conv-l2-norm: 1.0000007152557373
sanity_check/conv4.conv-l2-norm: 1.0000007152557373
sanity_check/linear1-l2-norm: 1.0000017881393433
sanity_check/linear2-l2-norm: 1.0000011920928955
sanity_check/linear3-l2-norm: 1.0000001192092896
sanity_check/layer-l-constant: 1.000005006799796
adv_robustness:
  0.1:
    lb: 0.3213999915122986
    lb_dist: 0.0939462557020015
    natural: 0.46999998778104785
  0.1411764706:
    lb: 0.2719999921321869
    lb_dist: 0.0939462557020015
    pgd-ub: 0.409699989259243
    pgd-ub-dist: 0.14117196590773598
    pgd-ub-success-rate: 0.5902999868988991
    fgsm-ub: 0.41019998967647553
    fgsm-ub-dist: 0.1407485679941547
    fgsm-ub-success-rate: 0.5897999867796898
    natural: 0.46999998778104785
adv_robustness_mini_eval:
  0.1411764706:
    lb: 0.3100000023841858
    lb_dist: 0.09552615093998611
    boundary_attack-ub: 0.4599999785423279
    boundary_attack-ub-dist: 0.0106706861751499
    boundary_attack-ub-success-rate: 0.5399999618530273
    pointwise-ub: 0.5399999618530273
    pointwise-ub-dist: 0.0
    pointwise-ub-success-rate: 0.4599999785423279
    natural: 0.5399999618530273
