accuracy: 0.6192
loss: 0.1610101366788149
sanity_check/conv1.conv-l2-norm: 1.0030535459518433
sanity_check/conv2.conv-l2-norm: 1.0015255212783813
sanity_check/linear1-l2-norm: 1.0000008344650269
sanity_check/linear2-l2-norm: 1.0000001192092896
sanity_check/layer-l-constant: 1.0045846835253462
adv_robustness:
  0.1411764706:
    lb: 0.48129998713731764
    lb_dist: 0.2281851154042106
    pgd-ub: 0.5268999871611595
    pgd-ub-dist: 0.1411731627048687
    pgd-ub-success-rate: 0.4730999881029129
    fgsm-ub: 0.5285999873280525
    fgsm-ub-dist: 0.1408260432394015
    fgsm-ub-success-rate: 0.4713999876379967
    natural: 0.619199988245964
adv_robustness_mini_eval:
  0.1411764706:
    lb: 0.5199999809265137
    lb_dist: 0.21872963117668406
    boundary_attack-ub: 0.6100000143051147
    boundary_attack-ub-dist: 0.019105348294266522
    boundary_attack-ub-success-rate: 0.38999998569488525
    pointwise-ub: 0.7099999785423279
    pointwise-ub-dist: 0.0
    pointwise-ub-success-rate: 0.28999999165534973
    natural: 0.7099999785423279
