accuracy: 0.7230999999999999
loss: 0.12154639318585396
sanity_check/conv1.conv-l2-norm: 1.000000238418579
sanity_check/conv2.conv-l2-norm: 1.0000005960464478
sanity_check/conv3.conv-l2-norm: 1.0000007152557373
sanity_check/conv4.conv-l2-norm: 1.0000005960464478
sanity_check/linear1-l2-norm: 1.0000014305114746
sanity_check/linear2-l2-norm: 1.0000011920928955
sanity_check/linear3-l2-norm: 1.0000004768371582
sanity_check/layer-l-constant: 1.0000052452200094
adv_robustness:
  0.1:
    lb: 0.632899985909462
    lb_dist: 0.28574561426693323
    natural: 0.7230999833345413
  0.1411764706:
    lb: 0.5885999864339828
    lb_dist: 0.28574561426693323
    pgd-ub: 0.6455999839305878
    pgd-ub-dist: 0.14117401453580194
    pgd-ub-success-rate: 0.35439999341964723
    fgsm-ub: 0.6472999846935272
    fgsm-ub-dist: 0.14090219881730948
    fgsm-ub-success-rate: 0.352699992954731
    natural: 0.7230999833345413
adv_robustness_mini_eval:
  0.1411764706:
    lb: 0.6499999761581421
    lb_dist: 0.30236171957105396
    boundary_attack-ub: 0.7400000095367432
    boundary_attack-ub-dist: 0.010139817658525247
    boundary_attack-ub-success-rate: 0.25999999046325684
    pointwise-ub: 0.7699999809265137
    pointwise-ub-dist: 0.0
    pointwise-ub-success-rate: 0.22999998927116394
    natural: 0.7699999809265137
