accuracy: 0.7181000000000002
loss: 0.12456443227827549
sanity_check/conv1.conv-l2-norm: 1.0000003576278687
sanity_check/conv2.conv-l2-norm: 1.0000003576278687
sanity_check/conv3.conv-l2-norm: 1.0000007152557373
sanity_check/conv4.conv-l2-norm: 1.0000007152557373
sanity_check/linear1-l2-norm: 1.000002145767212
sanity_check/linear2-l2-norm: 1.0000011920928955
sanity_check/linear3-l2-norm: 1.0000004768371582
sanity_check/layer-l-constant: 1.0000059604784752
adv_robustness:
  0.1:
    lb: 0.626199985742569
    lb_dist: 0.2823345228831939
    natural: 0.7180999833345413
  0.1411764706:
    lb: 0.5846999883651733
    lb_dist: 0.2823345228831939
    pgd-ub: 0.6435999864339829
    pgd-ub-dist: 0.14117400915551132
    pgd-ub-success-rate: 0.3563999927043915
    fgsm-ub: 0.644699986577034
    fgsm-ub-dist: 0.14090601805898462
    fgsm-ub-success-rate: 0.3552999925613403
    natural: 0.7180999833345413
adv_robustness_mini_eval:
  0.1411764706:
    lb: 0.6399999856948853
    lb_dist: 0.2801477802544832
    boundary_attack-ub: 0.7199999690055847
    boundary_attack-ub-dist: 0.006790010458124536
    boundary_attack-ub-success-rate: 0.2800000011920929
    pointwise-ub: 0.7599999904632568
    pointwise-ub-dist: 0.0
    pointwise-ub-success-rate: 0.23999999463558197
    natural: 0.7599999904632568
