loss: -3.3057014125585558
sanity_check/conv1.conv-l2-norm: 1.0000001192092896
sanity_check/conv2.conv-l2-norm: 0.9999984502792358
sanity_check/conv3.conv-l2-norm: 0.9999997615814209
sanity_check/conv4.conv-l2-norm: 0.9999999403953552
sanity_check/linear-l2-norm: 0.9999999403953552
sanity_check/layer-l-constant: 0.9999982118610156
