loss: -6475262.835
sanity_check/conv1.conv-l2-norm: 724.5855712890625
sanity_check/conv2.conv-l2-norm: 59.59402847290039
sanity_check/conv3.conv-l2-norm: 4174.12841796875
sanity_check/conv4.conv-l2-norm: 1.0001153945922852
sanity_check/linear-l2-norm: 1.0
sanity_check/layer-l-constant: 180263726.26873595
