accuracy: 0.9719999999999996
loss: 0.12697148700244726
sanity_check/conv1.conv-l2-norm: 1.0017695426940918
sanity_check/conv2.conv-l2-norm: 1.0001788139343262
sanity_check/linear1-l2-norm: 1.0000009536743164
sanity_check/linear2-l2-norm: 1.000000238418579
sanity_check/layer-l-constant: 1.0019498674634317
adv_robustness:
  1.58:
    lb: 0.2964999920874834
    lb_dist: 1.262001048379438
    pgd-ub: 0.7116999831795693
    pgd-ub-dist: 1.57985469276112
    pgd-ub-success-rate: 0.28829999262467026
    fgsm-ub: 0.7255999791622162
    fgsm-ub-dist: 1.3135350824227834
    fgsm-ub-success-rate: 0.2743999928236008
    natural: 0.9719999766349793
adv_robustness_mini_eval:
  1.58:
    lb: 0.23999999463558197
    lb_dist: 1.2486895383894443
    boundary_attack-ub: 0.8100000023841858
    boundary_attack-ub-dist: 0.8400049107639413
    boundary_attack-ub-success-rate: 0.1899999976158142
    pointwise-ub: 0.9599999785423279
    pointwise-ub-dist: 1.2453062236309052
    pointwise-ub-success-rate: 0.03999999910593033
    natural: 1.0
