loss: -5.223923015594482
sanity_check/conv1.conv-l2-norm: 1.0000001192092896
sanity_check/conv2.conv-l2-norm: 1.0000009536743164
sanity_check/conv3.conv-l2-norm: 1.000001311302185
sanity_check/conv4.conv-l2-norm: 1.0000022649765015
sanity_check/linear-l2-norm: 0.9999998807907104
sanity_check/layer-l-constant: 1.0000045299593694
