loss: -2.7769781130552293
sanity_check/conv1.conv-l2-norm: 1.004006028175354
sanity_check/conv2.conv-l2-norm: 0.9993017315864563
sanity_check/conv3.conv-l2-norm: 0.9999881386756897
sanity_check/conv4.conv-l2-norm: 0.9998074173927307
sanity_check/linear-l2-norm: 1.0
sanity_check/layer-l-constant: 1.0030998451596034
