loss: -3.3154511535167694
sanity_check/conv1.conv-l2-norm: 1.000000238418579
sanity_check/conv2.conv-l2-norm: 1.000001072883606
sanity_check/conv3.conv-l2-norm: 1.0000015497207642
sanity_check/conv4.conv-l2-norm: 1.0000020265579224
sanity_check/linear-l2-norm: 1.0
sanity_check/layer-l-constant: 1.0000048875889576
