loss: -7.681716978549957
sanity_check/conv1.conv-l2-norm: 1.0000001192092896
sanity_check/conv2.conv-l2-norm: 0.9999993443489075
sanity_check/conv3.conv-l2-norm: 0.9999989867210388
sanity_check/conv4.conv-l2-norm: 0.999997615814209
sanity_check/linear-l2-norm: 1.0
sanity_check/layer-l-constant: 0.999996066097605
