loss: -3.0890813171863556
sanity_check/conv1.conv-l2-norm: 1.0003390312194824
sanity_check/conv2.conv-l2-norm: 1.001410961151123
sanity_check/conv3.conv-l2-norm: 0.9999880194664001
sanity_check/conv4.conv-l2-norm: 0.999973475933075
sanity_check/linear-l2-norm: 1.0
sanity_check/layer-l-constant: 1.0017118990471128
