loss: -8.490518052577972
sanity_check/conv1.conv-l2-norm: 1.0
sanity_check/conv2.conv-l2-norm: 0.9999995231628418
sanity_check/conv3.conv-l2-norm: 0.999999463558197
sanity_check/conv4.conv-l2-norm: 0.9999989867210388
sanity_check/linear-l2-norm: 0.9999999403953552
sanity_check/layer-l-constant: 0.9999979138388362
