loss: -6.606005115509033
sanity_check/conv1.conv-l2-norm: 1.0000001192092896
sanity_check/conv2.conv-l2-norm: 0.9999997019767761
sanity_check/conv3.conv-l2-norm: 0.9999995827674866
sanity_check/conv4.conv-l2-norm: 0.9999989867210388
sanity_check/linear-l2-norm: 0.9999998807907104
sanity_check/layer-l-constant: 0.9999982714661364
