accuracy: 0.6775999999999999
loss: 1.2401934838294983
sanity_check/conv1.conv-l2-norm: 1.0000001192092896
sanity_check/conv2.conv-l2-norm: 1.0000004768371582
sanity_check/conv3.conv-l2-norm: 1.0000005960464478
sanity_check/conv4.conv-l2-norm: 1.0000005960464478
sanity_check/linear1-l2-norm: 1.0000014305114746
sanity_check/linear2-l2-norm: 1.0000014305114746
sanity_check/linear3-l2-norm: 1.0000003576278687
sanity_check/layer-l-constant: 1.0000050068001087
adv_robustness:
  0.3:
    lb: 0.3853999908268452
    lb_dist: 0.2432127255192656
    natural: 0.6775999838113784
  1.58:
    lb: 0.0
    lb_dist: 0.2432127255192656
    pgd-ub: 0.4402999897301197
    pgd-ub-dist: 1.579871082659468
    pgd-ub-success-rate: 0.5596999850869179
    fgsm-ub: 0.45139998763799666
    fgsm-ub-dist: 1.3096754816253822
    fgsm-ub-success-rate: 0.5485999849438667
    natural: 0.6775999838113784
adv_robustness_mini_eval:
  1.58:
    lb: 0.0
    lb_dist: 0.2769560473226011
    boundary_attack-ub: 0.5299999713897705
    boundary_attack-ub-dist: 0.39151193661258576
    boundary_attack-ub-success-rate: 0.4699999988079071
    pointwise-ub: 0.6899999976158142
    pointwise-ub-dist: 0.13928964109190048
    pointwise-ub-success-rate: 0.3100000023841858
    natural: 0.7400000095367432
