loss: -9.78004464149475
sanity_check/conv1.conv-l2-norm: 1.0000001192092896
sanity_check/conv2.conv-l2-norm: 1.0000008344650269
sanity_check/conv3.conv-l2-norm: 1.0000015497207642
sanity_check/conv4.conv-l2-norm: 1.000002145767212
sanity_check/linear-l2-norm: 0.9999999403953552
sanity_check/layer-l-constant: 1.0000045895643197
