loss: -2452514.3690625
sanity_check/conv1.conv-l2-norm: 1.0000104904174805
sanity_check/conv2.conv-l2-norm: 2318.69384765625
sanity_check/conv3.conv-l2-norm: 3282.88720703125
sanity_check/conv4.conv-l2-norm: 1.0000134706497192
sanity_check/linear-l2-norm: 0.9999999403953552
sanity_check/layer-l-constant: 7612192.308738386
