accuracy: 0.5757
loss: 1.2653611767292023
sanity_check/conv1.conv-l2-norm: 1.0000001192092896
sanity_check/conv2.conv-l2-norm: 1.0000004768371582
sanity_check/conv3.conv-l2-norm: 1.0000005960464478
sanity_check/conv4.conv-l2-norm: 1.0000005960464478
sanity_check/linear1-l2-norm: 1.0000017881393433
sanity_check/linear2-l2-norm: 1.000001311302185
sanity_check/linear3-l2-norm: 1.000000238418579
sanity_check/layer-l-constant: 1.0000051260096257
adv_robustness:
  0.3:
    lb: 0.38789999067783354
    lb_dist: 0.22957785430665825
    natural: 0.5756999906897545
  1.58:
    lb: 0.0
    lb_dist: 0.22957785430665825
    pgd-ub: 0.4310999882221222
    pgd-ub-dist: 1.5798711259580074
    pgd-ub-success-rate: 0.5688999903202057
    fgsm-ub: 0.4378999882936478
    fgsm-ub-dist: 1.332030383786831
    fgsm-ub-success-rate: 0.562099986076355
    natural: 0.5756999906897545
adv_robustness_mini_eval:
  1.58:
    lb: 0.0
    lb_dist: 0.23898753957822919
    boundary_attack-ub: 0.4699999988079071
    boundary_attack-ub-dist: 0.22000446353318556
    boundary_attack-ub-success-rate: 0.5299999713897705
    pointwise-ub: 0.5799999833106995
    pointwise-ub-dist: 0.039519231943857105
    pointwise-ub-success-rate: 0.41999998688697815
    natural: 0.5999999642372131
