accuracy: 0.4768
loss: 0.2832640917599201
sanity_check/conv1.conv-l2-norm: 1.0000001192092896
sanity_check/conv2.conv-l2-norm: 1.0000003576278687
sanity_check/conv3.conv-l2-norm: 1.0000007152557373
sanity_check/conv4.conv-l2-norm: 1.0000005960464478
sanity_check/linear1-l2-norm: 1.0000016689300537
sanity_check/linear2-l2-norm: 1.000001311302185
sanity_check/linear3-l2-norm: 1.0000001192092896
sanity_check/layer-l-constant: 1.0000048875900518
adv_robustness:
  0.1:
    lb: 0.3375999906659126
    lb_dist: 0.10451721299346486
    natural: 0.4767999890446663
  0.1411764706:
    lb: 0.2874999924004078
    lb_dist: 0.10451721299346486
    pgd-ub: 0.4159999895095825
    pgd-ub-dist: 0.1411720366944393
    pgd-ub-success-rate: 0.5839999881386757
    fgsm-ub: 0.41689998894929886
    fgsm-ub-dist: 0.1407599465691845
    fgsm-ub-success-rate: 0.5830999884009361
    natural: 0.4767999890446663
adv_robustness_mini_eval:
  0.1411764706:
    lb: 0.29999998211860657
    lb_dist: 0.09979869733913801
    boundary_attack-ub: 0.4699999988079071
    boundary_attack-ub-dist: 0.011867767217446049
    boundary_attack-ub-success-rate: 0.5299999713897705
    pointwise-ub: 0.5799999833106995
    pointwise-ub-dist: 0.0
    pointwise-ub-success-rate: 0.41999998688697815
    natural: 0.5799999833106995
