loss: -5.384683215618134
sanity_check/conv1.conv-l2-norm: 1.0000001192092896
sanity_check/conv2.conv-l2-norm: 1.0000009536743164
sanity_check/conv3.conv-l2-norm: 1.0000015497207642
sanity_check/conv4.conv-l2-norm: 1.0000020265579224
sanity_check/linear-l2-norm: 0.9999999403953552
sanity_check/layer-l-constant: 1.0000045895644618
