accuracy: 0.6216999999999997
loss: 0.1647930346429348
sanity_check/conv1.conv-l2-norm: 1.001742959022522
sanity_check/conv2.conv-l2-norm: 1.0004481077194214
sanity_check/linear1-l2-norm: 1.000001072883606
sanity_check/linear2-l2-norm: 1.000000238418579
sanity_check/layer-l-constant: 1.0021931619519522
adv_robustness:
  0.1411764706:
    lb: 0.47049998730421067
    lb_dist: 0.21490842056972906
    pgd-ub: 0.5198999875783921
    pgd-ub-dist: 0.14117318483360905
    pgd-ub-success-rate: 0.4800999870896339
    fgsm-ub: 0.5220999875664711
    fgsm-ub-dist: 0.1408251892228859
    fgsm-ub-success-rate: 0.4778999865055084
    natural: 0.6216999873518944
adv_robustness_mini_eval:
  0.1411764706:
    lb: 0.6200000047683716
    lb_dist: 0.23796281254850327
    boundary_attack-ub: 0.6499999761581421
    boundary_attack-ub-dist: 0.01937508460666452
    boundary_attack-ub-success-rate: 0.3499999940395355
    pointwise-ub: 0.75
    pointwise-ub-dist: 0.0
    pointwise-ub-success-rate: 0.25
    natural: 0.75
