loss: -5.086393456459046
sanity_check/conv1.conv-l2-norm: 1.0
sanity_check/conv2.conv-l2-norm: 1.0
sanity_check/conv3.conv-l2-norm: 0.9999998211860657
sanity_check/conv4.conv-l2-norm: 0.9999999403953552
sanity_check/linear-l2-norm: 0.9999999403953552
sanity_check/layer-l-constant: 0.999999701976801
