loss: -4.102288833856583
sanity_check/conv1.conv-l2-norm: 1.0
sanity_check/conv2.conv-l2-norm: 0.9999995231628418
sanity_check/conv3.conv-l2-norm: 0.9999990463256836
sanity_check/conv4.conv-l2-norm: 0.999998152256012
sanity_check/linear-l2-norm: 0.9999999403953552
sanity_check/layer-l-constant: 0.9999966621431859
