accuracy: 0.9876999999999998
loss: 0.05353206685860641
sanity_check/conv1.conv-l2-norm: 1.0000001192092896
sanity_check/conv2.conv-l2-norm: 1.0000004768371582
sanity_check/conv3.conv-l2-norm: 1.0000004768371582
sanity_check/conv4.conv-l2-norm: 1.0000007152557373
sanity_check/linear1-l2-norm: 1.0000025033950806
sanity_check/linear2-l2-norm: 1.0000011920928955
sanity_check/linear3-l2-norm: 1.000000238418579
sanity_check/layer-l-constant: 1.0000057220579066
adv_robustness:
  0.3:
    lb: 0.9715999799966812
    lb_dist: 1.5825944287899125
    natural: 0.9876999789476395
  1.58:
    lb: 0.5666999852657318
    lb_dist: 1.5825944287899125
    pgd-ub: 0.8710999828577042
    pgd-ub-dist: 1.5798485909810447
    pgd-ub-success-rate: 0.12889999633654953
    fgsm-ub: 0.8694999778270721
    fgsm-ub-dist: 1.372968712985744
    fgsm-ub-success-rate: 0.13049999644979834
    natural: 0.9876999789476395
adv_robustness_mini_eval:
  1.58:
    lb: 0.550000011920929
    lb_dist: 1.5759156656265259
    boundary_attack-ub: 0.9099999666213989
    boundary_attack-ub-dist: 1.0340035690201654
    boundary_attack-ub-success-rate: 0.08999999612569809
    pointwise-ub: 0.9899999499320984
    pointwise-ub-dist: 1.366079568862915
    pointwise-ub-success-rate: 0.009999999776482582
    natural: 1.0
