loss: -6.55341944694519
sanity_check/conv1.conv-l2-norm: 1.0000001192092896
sanity_check/conv2.conv-l2-norm: 0.9999986886978149
sanity_check/conv3.conv-l2-norm: 0.9999986886978149
sanity_check/conv4.conv-l2-norm: 0.9999962449073792
sanity_check/linear-l2-norm: 0.9999998211860657
sanity_check/layer-l-constant: 0.9999935627102907
