loss: -8.837286627292633
sanity_check/conv1.conv-l2-norm: 1.0000001192092896
sanity_check/conv2.conv-l2-norm: 0.9999998807907104
sanity_check/conv3.conv-l2-norm: 0.9999999403953552
sanity_check/conv4.conv-l2-norm: 0.9999998807907104
sanity_check/linear-l2-norm: 0.9999999403953552
sanity_check/layer-l-constant: 0.9999997615814245
