loss: -113148.75159179687
sanity_check/conv1.conv-l2-norm: 1.000015139579773
sanity_check/conv2.conv-l2-norm: 596.3438110351562
sanity_check/conv3.conv-l2-norm: 418.7124938964844
sanity_check/conv4.conv-l2-norm: 1.0000478029251099
sanity_check/linear-l2-norm: 1.0
sanity_check/layer-l-constant: 249712.32104871137
