loss: -6.474957805275917
sanity_check/conv1.conv-l2-norm: 1.0061838626861572
sanity_check/conv2.conv-l2-norm: 0.9998714327812195
sanity_check/conv3.conv-l2-norm: 0.9997981190681458
sanity_check/conv4.conv-l2-norm: 1.0130540132522583
sanity_check/linear-l2-norm: 0.9999999403953552
sanity_check/layer-l-constant: 1.0189817339381804
