accuracy: 0.5653999999999999
loss: 0.18996878892183303
sanity_check/conv1.conv-l2-norm: 0.9998538494110107
sanity_check/conv2.conv-l2-norm: 0.9991997480392456
sanity_check/conv3.conv-l2-norm: 0.998293399810791
sanity_check/conv4.conv-l2-norm: 0.99153733253479
sanity_check/linear1-l2-norm: 1.0000020265579224
sanity_check/linear2-l2-norm: 1.0000011920928955
sanity_check/linear3-l2-norm: 1.000000238418579
sanity_check/layer-l-constant: 0.9889119172363262
adv_robustness:
  0.1411764706:
    lb: 0.43259998798370364
    lb_dist: 0.20578576952167396
    pgd-ub: 0.5035999870300293
    pgd-ub-dist: 0.14117267351120255
    pgd-ub-success-rate: 0.4963999876379967
    fgsm-ub: 0.5042999866604805
    fgsm-ub-dist: 0.1407961119653983
    fgsm-ub-success-rate: 0.4956999871134758
    natural: 0.5653999891877174
adv_robustness_mini_eval:
  0.1411764706:
    lb: 0.5299999713897705
    lb_dist: 0.1936992776964689
    boundary_attack-ub: 0.5999999642372131
    boundary_attack-ub-dist: 0.002206378318805946
    boundary_attack-ub-success-rate: 0.3999999761581421
    pointwise-ub: 0.6399999856948853
    pointwise-ub-dist: 0.0
    pointwise-ub-success-rate: 0.35999998450279236
    natural: 0.6399999856948853
