accuracy: 0.9881999999999996
loss: 0.05351786151179112
sanity_check/conv1.conv-l2-norm: 1.0000001192092896
sanity_check/conv2.conv-l2-norm: 1.0000004768371582
sanity_check/conv3.conv-l2-norm: 1.0000005960464478
sanity_check/conv4.conv-l2-norm: 1.0000005960464478
sanity_check/linear1-l2-norm: 1.0000019073486328
sanity_check/linear2-l2-norm: 1.000001311302185
sanity_check/linear3-l2-norm: 1.0000003576278687
sanity_check/layer-l-constant: 1.0000053644291995
adv_robustness:
  0.3:
    lb: 0.971999979019165
    lb_dist: 1.5836960419342854
    natural: 0.9881999784708023
  1.58:
    lb: 0.5648999851942063
    lb_dist: 1.5836960419342854
    pgd-ub: 0.8715999805927277
    pgd-ub-dist: 1.5798487017087848
    pgd-ub-success-rate: 0.12839999657124282
    fgsm-ub: 0.8727999794483184
    fgsm-ub-dist: 1.3710662176680264
    fgsm-ub-success-rate: 0.1271999968588352
    natural: 0.9881999784708023
adv_robustness_mini_eval:
  1.58:
    lb: 0.5600000023841858
    lb_dist: 1.579919218122959
    boundary_attack-ub: 0.8700000047683716
    boundary_attack-ub-dist: 1.112109560232896
    boundary_attack-ub-success-rate: 0.12999999523162842
    pointwise-ub: 0.9899999499320984
    pointwise-ub-dist: 1.3467363119125366
    pointwise-ub-success-rate: 0.009999999776482582
    natural: 1.0
