loss: -4.017048271894455
sanity_check/conv1.conv-l2-norm: 1.000000238418579
sanity_check/conv2.conv-l2-norm: 1.0000009536743164
sanity_check/conv3.conv-l2-norm: 1.000001311302185
sanity_check/conv4.conv-l2-norm: 1.0000019073486328
sanity_check/linear-l2-norm: 0.9999999403953552
sanity_check/layer-l-constant: 1.0000043511453711
