accuracy: 0.9867999999999998
loss: 0.055040709737222644
sanity_check/conv1.conv-l2-norm: 1.0
sanity_check/conv2.conv-l2-norm: 1.0000004768371582
sanity_check/conv3.conv-l2-norm: 1.0000005960464478
sanity_check/conv4.conv-l2-norm: 1.0000005960464478
sanity_check/linear1-l2-norm: 1.0000017881393433
sanity_check/linear2-l2-norm: 1.0000015497207642
sanity_check/linear3-l2-norm: 1.0000003576278687
sanity_check/layer-l-constant: 1.0000053644290858
adv_robustness:
  0.3:
    lb: 0.9709999805688858
    lb_dist: 1.581979249187361
    natural: 0.9867999780178071
  1.58:
    lb: 0.5635999846458435
    lb_dist: 1.581979249187361
    pgd-ub: 0.8658999782800675
    pgd-ub-dist: 1.579844950029514
    pgd-ub-success-rate: 0.1340999967046082
    fgsm-ub: 0.8689999806880951
    fgsm-ub-dist: 1.3665689729552233
    fgsm-ub-success-rate: 0.13099999638274312
    natural: 0.9867999780178071
adv_robustness_mini_eval:
  1.58:
    lb: 0.5399999618530273
    lb_dist: 1.5713137978315352
    boundary_attack-ub: 0.8899999856948853
    boundary_attack-ub-dist: 1.1217603846029802
    boundary_attack-ub-success-rate: 0.10999999940395355
    pointwise-ub: 0.9899999499320984
    pointwise-ub-dist: 1.2199641466140747
    pointwise-ub-success-rate: 0.009999999776482582
    natural: 1.0
