loss: -4.479385514259338
sanity_check/conv1.conv-l2-norm: 1.0
sanity_check/conv2.conv-l2-norm: 0.9999978542327881
sanity_check/conv3.conv-l2-norm: 0.9999991655349731
sanity_check/conv4.conv-l2-norm: 0.9999997615814209
sanity_check/linear-l2-norm: 1.0
sanity_check/layer-l-constant: 0.9999967813516832
