loss: -1788515.92640625
sanity_check/conv1.conv-l2-norm: 315.6229248046875
sanity_check/conv2.conv-l2-norm: 255.01966857910156
sanity_check/conv3.conv-l2-norm: 599.212646484375
sanity_check/conv4.conv-l2-norm: 1.0002553462982178
sanity_check/linear-l2-norm: 0.9999999403953552
sanity_check/layer-l-constant: 48242970.72555364
