accuracy: 0.6235999999999999
loss: 0.1613288988918066
sanity_check/conv1.conv-l2-norm: 0.9999305605888367
sanity_check/conv2.conv-l2-norm: 0.999663770198822
sanity_check/linear1-l2-norm: 1.0000005960464478
sanity_check/linear2-l2-norm: 1.000000238418579
sanity_check/layer-l-constant: 0.9995951882619297
adv_robustness:
  0.1411764706:
    lb: 0.47909998714923857
    lb_dist: 0.22232224975923745
    pgd-ub: 0.5400999885797501
    pgd-ub-dist: 0.14117334352145638
    pgd-ub-success-rate: 0.4598999881744385
    fgsm-ub: 0.5414999890327453
    fgsm-ub-dist: 0.1408446011392475
    fgsm-ub-success-rate: 0.4584999880194664
    natural: 0.6235999840497971
adv_robustness_mini_eval:
  0.1411764706:
    lb: 0.5099999904632568
    lb_dist: 0.22128363542025908
    boundary_attack-ub: 0.6100000143051147
    boundary_attack-ub-dist: 0.015346074596238442
    boundary_attack-ub-success-rate: 0.38999998569488525
    pointwise-ub: 0.699999988079071
    pointwise-ub-dist: 0.003913399080435435
    pointwise-ub-success-rate: 0.29999998211860657
    natural: 0.7099999785423279
