loss: -4.183950805664063
sanity_check/conv1.conv-l2-norm: 1.0
sanity_check/conv2.conv-l2-norm: 0.9999997615814209
sanity_check/conv3.conv-l2-norm: 0.9999997019767761
sanity_check/conv4.conv-l2-norm: 0.9999997019767761
sanity_check/linear-l2-norm: 0.9999999403953552
sanity_check/layer-l-constant: 0.999999105930609
