loss: -4.713316323757172
sanity_check/conv1.conv-l2-norm: 1.0
sanity_check/conv2.conv-l2-norm: 0.9999969005584717
sanity_check/conv3.conv-l2-norm: 0.9999995827674866
sanity_check/conv4.conv-l2-norm: 0.9999998211860657
sanity_check/linear-l2-norm: 1.0
sanity_check/layer-l-constant: 0.9999963045139459
