loss: -58948.451977539065
sanity_check/conv1.conv-l2-norm: 1.0007197856903076
sanity_check/conv2.conv-l2-norm: 436.39056396484375
sanity_check/conv3.conv-l2-norm: 356.4742736816406
sanity_check/conv4.conv-l2-norm: 1.0010093450546265
sanity_check/linear-l2-norm: 1.0
sanity_check/layer-l-constant: 155831.10940165323
