loss: -4.92078438282013
sanity_check/conv1.conv-l2-norm: 1.000000238418579
sanity_check/conv2.conv-l2-norm: 1.0000009536743164
sanity_check/conv3.conv-l2-norm: 1.0000014305114746
sanity_check/conv4.conv-l2-norm: 1.0000020265579224
sanity_check/linear-l2-norm: 0.9999999403953552
sanity_check/layer-l-constant: 1.0000045895646181
