loss: -4.499170517921447
sanity_check/conv1.conv-l2-norm: 1.0
sanity_check/conv2.conv-l2-norm: 0.999998152256012
sanity_check/conv3.conv-l2-norm: 0.9999994039535522
sanity_check/conv4.conv-l2-norm: 0.9999997615814209
sanity_check/linear-l2-norm: 0.9999999403953552
sanity_check/layer-l-constant: 0.9999972581881842
