accuracy: 0.9876999999999998
loss: 0.05338065481279045
sanity_check/conv1.conv-l2-norm: 1.0000001192092896
sanity_check/conv2.conv-l2-norm: 1.0000004768371582
sanity_check/conv3.conv-l2-norm: 1.0000004768371582
sanity_check/conv4.conv-l2-norm: 1.0000005960464478
sanity_check/linear1-l2-norm: 1.0000019073486328
sanity_check/linear2-l2-norm: 1.000001311302185
sanity_check/linear3-l2-norm: 1.000000238418579
sanity_check/layer-l-constant: 1.0000051260094693
adv_robustness:
  0.3:
    lb: 0.9709999811649322
    lb_dist: 1.590141231334
    natural: 0.9876999771595001
  1.58:
    lb: 0.5704999867081643
    lb_dist: 1.590141231334
    pgd-ub: 0.8683999806642533
    pgd-ub-dist: 1.5798503771016663
    pgd-ub-success-rate: 0.13159999622032045
    fgsm-ub: 0.8684999787807465
    fgsm-ub-dist: 1.3718218344699293
    fgsm-ub-success-rate: 0.13149999629706144
    natural: 0.9876999771595001
adv_robustness_mini_eval:
  1.58:
    lb: 0.5699999928474426
    lb_dist: 1.5878074088692664
    boundary_attack-ub: 0.8700000047683716
    boundary_attack-ub-dist: 1.116630923289519
    boundary_attack-ub-success-rate: 0.12999999523162842
    pointwise-ub: 0.9899999499320984
    pointwise-ub-dist: 0.8458333015441895
    pointwise-ub-success-rate: 0.009999999776482582
    natural: 1.0
