loss: -6.8262622356414795
sanity_check/conv1.conv-l2-norm: 1.0
sanity_check/conv2.conv-l2-norm: 0.9999977350234985
sanity_check/conv3.conv-l2-norm: 0.9999975562095642
sanity_check/conv4.conv-l2-norm: 0.9999966621398926
sanity_check/linear-l2-norm: 0.9999999403953552
sanity_check/layer-l-constant: 0.9999918937900425
