loss: -4.177846271991729
sanity_check/conv1.conv-l2-norm: 1.0
sanity_check/conv2.conv-l2-norm: 1.0
sanity_check/conv3.conv-l2-norm: 0.9999997615814209
sanity_check/conv4.conv-l2-norm: 0.9999997615814209
sanity_check/linear-l2-norm: 1.0
sanity_check/layer-l-constant: 0.9999995231628986
