loss: -2.8645966905355453
sanity_check/conv1.conv-l2-norm: 1.0002014636993408
sanity_check/conv2.conv-l2-norm: 1.0027930736541748
sanity_check/conv3.conv-l2-norm: 1.0020824670791626
sanity_check/conv4.conv-l2-norm: 1.0043764114379883
sanity_check/linear-l2-norm: 0.9999999403953552
sanity_check/layer-l-constant: 1.009482404420471
