loss: -903.2096002197266
sanity_check/conv1.conv-l2-norm: 1.0000391006469727
sanity_check/conv2.conv-l2-norm: 419.31768798828125
sanity_check/conv3.conv-l2-norm: 1.000203013420105
sanity_check/conv4.conv-l2-norm: 1.0004982948303223
sanity_check/linear-l2-norm: 0.9999999403953552
sanity_check/layer-l-constant: 419.6281834419406
