loss: -3.217163362503052
sanity_check/conv1.conv-l2-norm: 1.0001643896102905
sanity_check/conv2.conv-l2-norm: 1.0000005960464478
sanity_check/conv3.conv-l2-norm: 3.3702287673950195
sanity_check/conv4.conv-l2-norm: 1.0001217126846313
sanity_check/linear-l2-norm: 0.9999999403953552
sanity_check/layer-l-constant: 3.3711948734611
