accuracy: 0.7217
loss: 0.12094739399850368
sanity_check/conv1.conv-l2-norm: 1.000000238418579
sanity_check/conv2.conv-l2-norm: 1.0000004768371582
sanity_check/conv3.conv-l2-norm: 1.0000005960464478
sanity_check/conv4.conv-l2-norm: 1.0000005960464478
sanity_check/linear1-l2-norm: 1.0000017881393433
sanity_check/linear2-l2-norm: 1.0000011920928955
sanity_check/linear3-l2-norm: 1.000000238418579
sanity_check/layer-l-constant: 1.0000051260097536
adv_robustness:
  0.1:
    lb: 0.6301999878883362
    lb_dist: 0.28620066035067865
    natural: 0.7216999846696853
  0.1411764706:
    lb: 0.5864999851584435
    lb_dist: 0.28620066035067865
    pgd-ub: 0.6453999865055084
    pgd-ub-dist: 0.1411741387773488
    pgd-ub-success-rate: 0.3545999938249588
    fgsm-ub: 0.6464999866485596
    fgsm-ub-dist: 0.14090182141122926
    fgsm-ub-success-rate: 0.35349999368190765
    natural: 0.7216999846696853
adv_robustness_mini_eval:
  0.1411764706:
    lb: 0.6299999952316284
    lb_dist: 0.2695271568605676
    boundary_attack-ub: 0.7099999785423279
    boundary_attack-ub-dist: 0.005936880965299648
    boundary_attack-ub-success-rate: 0.28999999165534973
    pointwise-ub: 0.75
    pointwise-ub-dist: 0.0
    pointwise-ub-success-rate: 0.25
    natural: 0.75
