loss: -3.3406365084648133
sanity_check/conv1.conv-l2-norm: 1.0000264644622803
sanity_check/conv2.conv-l2-norm: 1.0006235837936401
sanity_check/conv3.conv-l2-norm: 1.0000004768371582
sanity_check/conv4.conv-l2-norm: 1.0000810623168945
sanity_check/linear-l2-norm: 0.9999999403953552
sanity_check/layer-l-constant: 1.000731597308937
