loss: -7.261411683559418
sanity_check/conv1.conv-l2-norm: 1.0050199031829834
sanity_check/conv2.conv-l2-norm: 1.003043293952942
sanity_check/conv3.conv-l2-norm: 1.0092767477035522
sanity_check/conv4.conv-l2-norm: 1.0552822351455688
sanity_check/linear-l2-norm: 0.9999999403953552
sanity_check/layer-l-constant: 1.0736759134131704
